SECRET_KEY=[226,240,24,139,34,101,240,28,231,95,28,91,98,44,65,75,175,192,67,6,212,162,218,75,204,46,183,202,124,164,144,148,17,57,203,154,253,159,75,54,242,27,251,120,138,9,103,115,60,230,248,120,173,114,201,181,106,238,38,8,160,113,88,145]
# PAY=3
# # Public key:  2AF3dYxFnytyg2EfDsCSnvGYGuBcy2BTmSNaC9P4g6s2
# # Secret key:  Uint8Array(64) [
# #   226, 240,  24, 139,  34, 101, 240,  28, 231,  95,  28,
# #    91,  98,  44,  65,  75, 175, 192,  67,   6, 212, 162,
# #   218,  75, 204,  46, 183, 202, 124, 164, 144, 148,  17,
# #    57, 203, 154, 253, 159,  75,  54, 242,  27, 251, 120,
# #   138,   9, 103, 115,  60, 230, 248, 120, 173, 114, 201,
# #   181, 106, 238,  38,   8, 160, 113,  88, 145
# # ]
